17.81703921
24.65438061
32.0442804
32.22539161
25.04216852
6.580989059
12.56228698
34.76776977
18.33815869
48.33048758
40.55176937
40.05203002
54.18629768
14.85092301
13.32011846
25.26832549
21.04687606
18.17773649
27.85821616
37.75378461
16.34223766
25.64986229
21.09252471
36.96202489
7.61774836
6.090951938
27.51174153
40.99902535
30.94860276
65.62871763
37.54977918
12.74334146
27.58329521
45.34630182
29.5640416
42.78251427
27.33405809
48.16833538
6.378019561
21.83292195
21.12683137
14.74515419
7.925661177
16.6971286
65.34384209
38.439818
17.75546247
9.484080185
50.65224779
50.80957573
36.36656565
21.20697328
38.89289222
15.39167791
25.51309996
8.968238056
37.58013899
21.649492
52.41586839
57.28940338
29.39085816
17.33505745
33.29185611
8.739571213
44.63042188
29.11882039
30.09760624
27.38667878
52.21180476
12.64615807
28.66512788
27.45203303
54.41350236
25.44472185
44.35353469
43.46611412
22.68215057
14.08867928
2.106231877
53.28290025
19.8812799
32.23694902
15.79390458
11.65962579
37.51047179
22.00409149
20.34068461
48.27996698
31.35820614
15.28426621
42.83671567
9.847376497
30.35257487
56.20526224
23.87363137
22.41692606
9.549766418
19.05536548
13.87866161
33.07755008
9.96577721
30.2024938
15.85518234
35.16238984
36.08156002
24.30936069
30.84201422
5.00579795
15.35923924
34.59249451
5.801380018
31.86435749
32.3204758
47.81280561
19.81342081
22.13825595
12.22109576
19.94384455
16.13384761
5.597464543
3.230962986
62.15213197
46.386437
23.7550507
37.70196836
36.09290957
25.65286108
44.41987528
37.32014039
7.089530564
22.7331459
56.45310262
40.20662655
21.15580941
16.87035024
18.25075216
29.65772467
28.17247113
39.64417175
9.718912845
46.44473265
14.38427949
30.92911192
7.062389193
22.89683312
17.84117312
26.00676293
19.38309693
28.28990259
26.72261484
33.11373623
23.6824446
38.14260688
24.52131396
16.67130888
7.563718195
42.39398798
9.338786207
44.04860015
29.2453578
28.83806122
34.68617346
41.39439529
34.73079889
37.48049355
37.75579089
12.65613671
25.33601563
75.15881816
4.988472952
24.35616797
31.46012438
20.75229555
12.78471372
41.41840912
17.58923916
17.96486309
50.01199973
38.64581981
39.64543503
18.04349769
38.44826582
35.23087946
23.86075075
44.40000353
44.64337803
26.18561897
7.400103303
14.35095064
56.03101827
37.38462124
29.95988724
26.9436827
19.53017035
37.42403698
19.15224485
13.55104007
30.0346626
30.82165365
22.40243722
13.9302786
24.67210948
33.55324929
13.39008953
17.61842229
25.26493373
33.04580075
24.14292538
25.44987114
12.33810995
38.34400648
34.93050716
39.57576119
30.1314222
12.52465646
10.66282312
4.56407983
73.11910986
27.10245341
29.87019895
18.08664239
30.63957541
17.02665704
31.84241383
27.4851157
32.33846431
40.25715504
33.72098342
57.58388799
12.6371883
48.5913147
12.88443835
34.65710807
45.25103589
28.18217217
35.25127178
10.38254295
14.78348006
25.77158431
36.07061688
26.48123968
28.20808339
12.93543467
38.47955026
16.82952533
25.84247954
38.12810068
20.88073393
23.62655789
22.63560381
20.76472124
54.38848815
29.84141581
66.66426211
30.42104559
31.31348696
21.48112727
21.69728768
71.77399336
39.41762152
22.90858201
22.40839526
24.06176231
39.22135655
30.49041841
56.04984449
47.62862252
15.38491746
16.68740509
31.62577693
26.246709
21.69964082
9.936745006
22.97038868
10.19081459
3.280636044
21.09190444
51.92595302
16.47714524
24.29269779
55.82774003
24.74435819
40.00989713
27.17892081
38.2097013
44.0161299
52.25714256
14.2174799
24.04068586
38.90219216
33.20050213
30.53856542
11.45573717
3.095246602
54.01069165
34.74499987
12.71618868
14.50706232
13.07128746
15.90962415
2.459760012
41.11077951
26.12368467
38.61929303
14.45868371
11.01549243
22.27346713
6.274912761
21.38748306
49.60948295
9.317564215
36.58738913
12.82508311
53.82540706
41.59659061
45.26555663
45.89226239
40.48417368
29.35561248
83.03671653
21.80916641
18.67781409
7.232757337
22.04475839
22.41022135
23.24641314
9.67671173
21.76864232
42.41876157
47.88238883
25.56652669
19.69141464
42.29931834
46.19411461
53.97966628
24.48292439
41.51143342
30.82186433
21.71525079
4.072659265
36.95088146
14.48979772
46.86016735
54.03661583
22.40775198
42.69798658
18.88292035
35.72651008
32.0071987
14.60820792
18.19782814
13.61831928
23.540294
19.76209114
56.3455397
14.43948296
29.4954173
27.07640778
36.75168379
32.51118673
44.57715449
31.57919407
12.46617464
33.24714666
29.97998424
14.65280622
20.08865616
19.33228202
2.09484605
33.43076282
55.04028387
10.63536128
43.64446466
70.01357128
36.66162805
15.6756158
24.57265609
34.02110082
79.49549339
48.63698745
17.28986124
19.67573011
60.9602685
45.85622154
29.77450133
32.41315092
14.1759562
28.95050962
33.35369899
35.26980235
14.72846575
35.85849903
28.22659917
9.036639606
30.98582734
44.56528949
37.76610641
18.65261247
41.77432975
61.98612024
13.07415699
10.08721616
41.41849646
27.71765608
20.07646001
11.83196899
30.37876968
43.65788892
7.304018306
14.32693201
47.7838305
11.99566708
67.03241176
10.84404925
34.29690314
3.753013668
14.48151849
6.80375412
32.95156559
36.74790112
40.12185331
10.61928702
29.73121819
11.71358707
43.50608333
11.46692523
34.76675241
18.88325215
47.81072362
47.45763815
27.16902099
14.85428469
16.20921284
18.28184656
22.42358492
37.68680281
35.0471375
11.92514587
12.20671627
14.97607854
36.50276521
49.86908496
15.09588404
45.80165106
23.7241404
28.67540523
23.70351532
51.89955552
43.03794545
10.88883009
10.28547291
63.69088816
47.67986378
12.59160635
41.24697703
36.64837771
19.42824197
17.4591724
26.53950567
5.03540745
18.63469436
26.08864281
34.48904119
14.90173625
30.54584391
25.68725714
21.55537013
7.750637021
23.20410708
22.27719437
28.91224846
34.94474126
17.00591334
18.78659736
15.71699445
28.99215414
20.00939797
18.70093337
27.66825415
13.44757378
15.56357859
10.49551933
30.90005019
11.3305951
7.527231563
63.26096502
24.32636601
4.741650366
36.21805857
18.66368507
37.37184613
14.30009795
62.81322266
27.43269743
22.35687339
3.636778435
20.2495193
4.501328547
14.34079983
28.51533053
36.56857265
19.35084182
13.03358634
18.60220666
17.65189845
20.22097746
9.110027843
39.85693566
34.87681906
39.38793597
15.47491658
13.33666849
39.8789819
10.60323233
12.26970369
17.0038136
48.72324357
39.93324454
12.50272302
17.1173222
18.73372651
5.616567299
37.61501059
28.6380841
19.32401711
33.53799289
35.70068587
29.9525363
13.88294322
23.91726418
5.862494557
22.89444034
37.51362601
39.79983983
26.00278141
23.40872027
26.20119569
42.61572856
15.68146883
10.86509146
32.35759461
27.05918056
20.71222353
19.94341787
35.91974585
1.65856191
9.675234507
23.83356291
9.370327639
25.08654299
15.35462693
17.45590756
15.4106953
26.65936358
30.05776563
24.38683137
16.80207719
19.24050088
24.23757173
32.17934003
22.86386823
35.41768815
11.75250853
53.12109244
10.97442194
29.71849894
38.10050196
25.1152939
27.59001261
22.99320498
23.29345319
31.28424052
22.74476703
57.77454689
48.42141958
20.60757549
46.9529201
24.57352183
46.80522784
27.63301212
44.257988
44.14343247
24.81193441
21.51948889
23.42659998
29.42646741
35.28228935
26.94057831
34.43757047
30.7763841
36.65973712
14.74678603
13.88467647
41.14129123
29.34106126
27.85306206
27.04719707
12.53645749
20.96669178
47.91365781
18.7632584
67.91936013
21.82057178
19.64687686
42.2110095
21.27247449
46.49446545
8.160233238
26.46708504
40.44034696
39.08644487
15.61869942
34.16649697
19.22164708
28.67062626
40.9466991
17.41653016
10.59772222
51.02947491
15.19064088
35.87223364
41.43278266
7.265306717
51.06882852
29.30903936
16.41453883
28.26676913
15.28865159
11.34359318
21.80641775
1.0451517
28.16179373
26.33073743
35.78688856
35.56171625
30.02437542
22.9424091
45.59245076
41.88948755
29.24393065
37.16030989
34.8247751
27.28118291
8.915252577
20.38455887
9.387504834
17.30810836
18.46535194
32.40001072
16.52597191
20.96282432
15.65911779
18.24230402
20.33199705
42.02630425
53.63510273
9.473381655
6.497331032
20.7704247
33.82315439
19.62693234
16.29568405
25.08173608
43.4143912
57.24216821
16.84837103
16.64357359
28.30815957
25.74866278
3.697527168
9.640004245
30.07313759
68.01917303
28.78828218
18.56591047
15.91507494
8.183888238
48.89587687
36.80490145
55.98050302
27.58707866
22.9982283
8.072930763
9.058327409
28.02747076
26.92729813
27.61708737
53.17652465
24.1238222
15.7350791
62.50916833
33.74910192
30.86926842
54.4032808
8.328606211
20.38232442
22.70237444
19.11103146
16.90043923
27.17824027
32.2326276
12.91735095
25.80237374
31.78142952
18.02741046
19.92641352
14.42497278
23.896808
34.7625509
34.48263448
13.20309506
44.62826765
19.34514364
29.48039778
13.44607742
28.627578
10.1564992
10.38289928
28.825911
19.00784078
23.00924833
4.74605675
5.014635031
16.21554527
27.41615362
52.4997688
17.72195731
43.6610643
21.37515062
22.8277627
36.49714729
14.54893851
52.93132408
32.62690215
24.7020092
13.81716661
29.30066822
3.241291055
12.51640353
47.18748364
32.9451435
14.0047911
15.32551619
33.00914303
17.71074276
8.841801844
30.36274907
44.52336392
25.76430229
39.62981821
34.48841967
10.801626
9.703267318
26.59755471
13.95047189
28.99636845
25.84601369
16.94079089
20.75775543
40.35337847
15.50443275
15.40813402
21.72567433
34.47007993
71.21112914
32.83221011
25.07782079
22.29045505
46.36629128
22.93154536
60.59969473
14.81372843
33.45985853
20.84208473
28.67425836
38.30593566
26.0416595
18.91174737
11.20328506
22.40737063
25.02017318
40.00595165
49.04751531
10.74945759
4.361174388
10.72926363
13.38918232
11.44557921
34.8544616
19.92346178
34.71815954
33.76854819
53.87418145
37.28397265
34.64521146
18.15237088
12.09536151
13.69899375
9.158835802
57.3282858
16.98510718
20.80731883
34.26030552
7.870608514
19.80687931
59.13293228
23.27716664
37.38838885
31.8810133
36.77360222
9.116884511
35.99101761
12.28414627
26.94692862
33.41196771
16.5677111
17.08281211
67.9802848
25.85850195
34.9062124
33.90653707
53.1145393
64.61536384
15.6120073
24.57798801
56.81965417
34.45602927
16.10614638
24.99408873
19.2442799
25.96371692
35.86582259
9.913273704
8.957365485
4.10640122
1.180155985
23.81196748
43.12491776
68.51322639
27.72753746
20.82150093
28.97111261
5.821106953
41.39819435
4.09457842
39.72068647
72.3468137
20.2953494
28.67762285
13.63083528
34.80949205
21.35336709
20.28949223
23.35802543
59.50875842
56.37490604
27.83956924
10.42672039
25.51430043
23.9318647
5.912195431
27.00691268
15.04359832
27.80660365
25.79764472
12.44606807
12.83781822
11.22146333
28.71844949
19.71909417
43.94190636
33.83577843
28.2608348
47.07011072
14.03357173
38.43535118
1.545308432
30.41157101
27.06320474
27.87416328
44.84497786
21.74718302
12.93655696
25.59991649
62.48160643
54.24777234
42.43837413
24.34512149
10.8075947
65.22312968
12.98097705
39.06728667
17.83602342
40.1685079
13.00067339
15.12155937
12.68967996
20.95236012
13.60766275
60.790572
43.19378461
14.80830141
21.93259645
22.04813227
59.73399365
40.75270252
16.11388551
18.97143028
50.51110969
49.3292495
45.38518144
34.30409806
27.93831297
26.21103854
9.36238644
51.19962539
71.46262647
29.45668912
62.87776397
8.473926625
57.90466424
9.369917197
33.28132759
36.79180793
30.25430262
28.03661985
32.8575434
4.580950602
16.28643295
31.21371845
14.71436321
8.390556544
27.15075327
17.70434794
25.64754432
26.22428525
13.93708605
52.02101894
34.64557706
26.39590225
6.143333017
45.34435284
14.50018403
22.74972748
26.64800231
26.90181142
51.6243956
26.46994187
12.0417086
31.27527099
25.31637609
12.8869431
4.863148772
22.70185621
15.40611711
28.02240565
13.63872854
19.69030639
38.70641113
29.98368218
29.05224385
33.51036698
25.96332895
52.46689477
30.9613851
29.13508499
32.73792787
16.34265064
33.11227788
18.45129545
33.71770808
32.41565469
3.381354919
18.02155406
32.88824459
41.65529441
25.74467566
33.28925594
33.89229043
30.00061479
45.95882232
64.04539596
49.76757027
24.61769368
48.95072543
38.75002306
51.77146497
28.87064301
25.67493049
24.73246452
30.7623933
34.14468705
26.3700833
41.42683965
12.62425389
47.26286423
3.512124584
30.92992304
30.22558531
49.86191038
