122.2681082
74.93840719
29.50527332
123.12649
52.20939066
59.54084421
107.0006681
103.7214789
144.1119689
54.63894039
71.49520849
118.8794203
58.08455897
73.63538518
151.5312383
65.11737939
117.0050607
112.488416
124.1515582
78.24847632
15.81849942
79.01704288
164.2047289
135.5983819
14.01560382
102.9595381
80.73351056
63.40005043
118.3308441
42.94973171
41.51106316
64.46898629
40.05569669
34.79438168
66.43434387
23.19088595
90.50431861
73.99142503
55.11509789
136.6643057
46.89123761
34.90726972
93.89548485
65.24730777
76.69646596
167.8111784
69.29634889
62.00349352
118.4798982
34.86723871
136.3959094
71.67611242
44.57743944
65.53620398
191.8607417
99.03510374
42.08681513
39.52804281
30.10276769
184.5390326
69.59940167
78.03684883
99.05232934
84.60980077
99.46619879
32.35679602
137.7811712
186.0909673
70.06073049
109.5189875
25.18461647
36.44812691
16.8281934
131.735986
89.04620286
16.45450237
63.43260525
139.1757789
101.0490199
76.85423631
133.0970263
80.09699878
170.3990331
71.9857661
97.58075907
169.8874958
59.63160616
98.51826232
105.8006899
47.11742793
90.44808709
25.00927736
45.54019877
97.56193801
78.0373213
204.4414182
96.61095507
196.8516011
35.90460299
90.33713064
163.2401936
136.1327203
91.57711302
83.11492963
59.59829751
84.27996935
51.25607677
90.03168407
56.93759735
123.8270205
44.7102855
43.1028433
42.80327863
130.6582125
192.5647784
88.17591163
69.01548476
61.37193254
87.89690487
117.8409315
79.96070757
109.9639568
106.060651
48.02224084
89.2624182
192.7577569
19.66319827
132.550459
76.39221421
30.58974188
44.83482547
76.0334625
99.51246001
41.74606944
180.5639792
125.5337436
96.4836989
101.6761915
69.09413296
153.296091
104.1520037
74.93276416
123.4359625
65.61077045
101.1938806
18.53100879
42.52771005
118.7767472
40.707923
54.79634815
113.2699987
46.88022326
168.3831739
56.05787724
232.5024278
115.7207335
109.6521973
23.01341929
31.94458112
114.4027906
120.9045545
37.58955713
80.05738581
65.04884223
49.36103945
38.33183177
11.46091708
61.11809397
174.522236
120.9020858
158.3619198
50.91419421
74.06437205
132.8152331
150.0403635
81.5930253
159.5836609
144.9565873
76.41082245
62.91870768
59.07971118
20.83113215
121.3873032
95.58102859
139.3430826
95.27035762
12.09826555
107.7166483
109.8704117
78.80580902
156.6898029
88.17657958
175.9811331
99.61629324
80.99687296
15.05521105
50.00899449
135.1133992
129.6911451
180.5993433
21.76415068
65.00820898
90.58061456
45.98057024
71.31346936
17.56735553
44.4383867
132.1983958
116.8561124
61.17291334
20.61618724
57.69539228
24.25909034
70.69918413
60.63855573
57.11468665
122.9084889
41.69984677
53.53907393
166.7868146
158.6685958
19.02584342
132.3228537
51.16551847
83.66452984
158.9285116
27.82293074
145.6970975
21.9839865
51.670332
3.522925497
83.69642715
136.3552466
30.24722385
56.95696581
128.9889377
106.8250327
121.8412034
29.9341068
63.7803641
46.2192694
83.56040017
22.66386404
101.3528192
53.50981017
70.28533573
193.6261611
109.4861534
59.47011668
102.437916
155.5880027
62.5789665
33.34743105
49.46809582
101.890151
107.3554171
138.5942315
90.74766424
82.00338297
150.9872563
53.7413007
128.8527888
69.82303765
106.0978457
113.8145292
156.0901453
136.6050922
123.5751193
81.10574452
85.2458755
155.8298549
104.1245026
62.91084801
108.536655
84.97881748
88.54110483
71.7266832
193.3178407
37.51031575
70.23263576
86.95181433
43.28784554
100.7666236
92.21829759
112.1483244
69.39899058
69.9613052
137.0498919
28.95325458
195.743783
98.39122774
108.9066204
92.37670511
45.49287727
107.454411
57.81068984
28.01960752
123.3904557
59.19260982
28.55057779
60.23757877
16.56999484
182.1021511
106.5031565
21.05182908
153.4469544
73.12479313
64.85994083
53.30275373
46.5758906
148.7508992
14.80102963
125.1272635
53.28972012
50.82996664
99.76109678
155.1038172
148.1659852
85.24875156
122.4224957
60.98431147
36.60869898
55.33250476
13.33772005
43.18520237
52.63676372
60.80969522
108.6344505
69.60031046
97.90258597
20.60770981
119.6842857
83.54477847
128.3580507
62.7913303
135.2021693
28.99116591
98.2393714
170.8342541
83.01065024
86.90514875
75.98811279
56.51115786
57.09085877
51.86628498
98.20640874
102.8175994
27.76088725
21.26437035
66.13232856
37.06492995
72.34436382
98.57765378
31.31073084
13.91726237
68.21309014
170.9744481
126.0575767
91.60443005
43.52459534
267.9771872
37.26000785
240.6515677
96.79881031
55.05320283
174.0628062
93.76096146
58.90151119
37.47419108
87.85742264
68.80277653
102.6907695
55.21994163
31.38833026
61.76625376
78.71233777
40.55216303
78.58982062
152.5402978
128.2320433
27.84165042
131.4259517
80.66930386
35.51201329
73.60241173
32.82680237
123.4485019
234.6754042
46.36184658
81.46863116
71.18414468
160.1288032
138.4121098
143.6755449
161.4078329
49.54763885
93.04296828
70.75507066
80.62121757
91.58913044
87.84200735
124.1036498
71.71101771
42.94435804
38.3604808
58.64472962
89.87906718
137.3838942
33.8003912
93.21708948
87.02660109
168.8563035
156.6318299
18.5173334
114.2800873
148.4222956
78.95640926
52.16643004
62.4744547
15.33633707
105.2056054
166.1414014
65.90651392
147.6305315
116.2656998
66.16439229
72.41088106
81.85295283
61.51076805
81.50285524
69.82137198
45.94293959
127.0309235
92.477162
247.2456389
80.44104151
