2.381388887
5.375683051
11.16484894
4.913392775
5.760833032
1.768911287
7.47675647
11.50317961
7.079767217
11.12046493
8.107055911
5.592987583
2.574843828
12.18178693
9.45585152
8.714338168
8.965532074
10.8809435
11.89494311
6.536094778
4.583755236
9.645990344
10.02157683
9.863022577
4.287721967
3.353942752
7.06924443
7.44721482
8.88169301
3.539303066
6.871265141
8.419407409
8.213896884
4.882344333
11.89146255
12.88405426
11.28025602
3.894697086
11.81486393
8.774140114
19.26494768
12.44300152
16.94787763
15.02346319
22.46812095
7.772599331
6.263298529
2.456978219
4.118569476
5.352631903
19.55057439
12.62476201
7.623870431
8.86143693
10.77224861
18.34926136
7.007970209
10.46182615
5.398594253
18.18881667
9.364492122
7.709759453
5.519525671
8.69122839
5.765489664
11.93113132
16.1536503
13.93353366
8.61990117
5.079569022
8.432577068
9.22312357
24.20030648
5.971638871
12.67030047
8.531446896
8.325140691
5.348978142
12.60711912
3.095108344
8.699242699
7.449228935
11.46809768
20.38337821
5.070402321
17.8710569
7.844104183
2.182087993
7.440279135
22.58164093
13.94324371
0.9018266023
9.94321905
0.07592829224
10.87252309
5.845931599
3.228787691
5.828865695
9.717355793
13.05367631
6.291869557
3.15495334
8.044787678
6.52135811
6.764196296
13.18728266
8.136886612
4.432135821
1.420969826
6.426071602
0.3410566704
14.38478911
5.857222998
11.71647757
13.11364077
9.706485721
2.909508212
4.197996589
5.500994589
17.22885519
11.78763169
4.239074324
8.971522529
8.919448852
4.587128307
9.321149616
5.0942327
6.325498468
8.91516922
11.14733616
3.58318133
17.91922332
9.664417683
10.41969725
3.573370023
3.461468589
3.18889896
8.947068267
11.83478572
0.4562383589
11.76130109
3.348378139
5.699572116
1.749108357
8.789676773
9.881667365
4.505188876
4.691595822
2.327200346
6.24068161
9.940876495
7.99872962
12.1302009
8.768216889
9.382519558
6.728903938
11.82346652
3.069111824
1.156263651
2.131034144
11.23457187
21.18844361
4.978287863
4.181017783
8.475501777
20.45449504
6.176577916
8.174179543
5.242630507
2.840599199
12.76409877
9.605274513
17.51422143
14.49096984
8.487231669
10.70639841
11.86121557
10.09780652
6.591995718
17.4003765
12.02777951
10.96418988
17.32563512
8.34499451
7.699929183
3.526642504
11.22793577
22.72707316
8.016810311
8.013729308
11.20461779
1.901770314
2.05730435
10.51139789
9.912154488
8.786846659
9.601472692
13.26551471
8.844328832
9.618988758
5.694870321
21.20931369
2.088107471
8.771720183
6.253348089
6.428612923
10.26059093
3.443517564
13.46551453
8.185670028
4.911893978
7.85141391
11.11409978
0.8404578019
7.30031209
5.505854863
13.27554665
11.88573624
2.510981449
3.582492166
10.88802962
3.827211942
11.25265933
7.032634565
11.34971542
3.447372545
7.073217224
5.795569961
9.115021882
5.433715465
11.53924982
16.89962874
6.622647796
10.46614662
17.74131596
6.498399374
14.64298351
7.949425385
5.474432451
5.591482282
3.761505034
9.519191248
11.68584148
7.095615938
5.823835935
12.90204386
13.83717919
18.49300854
0.6858615676
7.229125666
2.849503787
4.321370488
2.165959396
2.981131038
15.51831381
10.03335161
7.641110325
13.10383349
14.64451147
9.439796997
8.917044251
3.070687022
10.40210119
0.9029580241
2.42593966
20.97537363
17.32407384
13.53890806
5.542715857
3.628657265
1.807325573
12.89253945
10.72477331
7.273655153
9.098779123
5.499155659
11.14834358
5.136855018
10.6510487
14.97228801
8.034094133
9.348906888
7.938025026
13.02509667
12.5737753
8.727646308
11.81009742
3.479515425
10.69489453
10.20868239
6.385604482
4.097711845
6.309388469
4.298292153
15.50492586
7.770266222
6.518901494
11.18123476
5.953183733
7.606653379
2.769116233
6.021882842
13.3906179
1.888259411
8.096345385
9.680800873
11.25026228
4.123779554
10.28458283
6.134016859
10.03064256
7.489436236
1.880114215
23.19756575
19.45807519
14.39060354
11.49902764
7.480528761
12.1952936
2.974185805
5.598415236
2.25067179
5.998190788
8.571856278
2.268731946
10.91533924
7.120778812
7.900205068
4.953893365
10.74523272
5.805338399
6.447039313
6.917517528
4.008870866
22.41077748
11.95630024
17.20619277
9.193271159
6.877503571
3.936397956
4.948859131
12.95140408
2.13026342
8.474577707
10.08071293
15.39478354
16.77584392
13.06218547
4.844586287
9.105707452
9.223735174
4.389777944
8.59933112
17.17527176
13.64322552
10.16488599
4.4695198
17.19455305
10.61471543
11.92567869
2.965580344
15.50810303
16.26126454
5.11610265
14.85061269
6.532329957
11.46167889
2.751167626
15.22995422
9.999151512
9.945215704
7.724656976
7.217938842
19.78735996
7.486476465
13.00437786
9.753916426
13.54952137
15.99303497
11.27942105
8.064307883
8.908970348
12.69515614
16.06557827
13.93424758
7.442709118
9.989019905
5.078758489
7.471878505
4.489299496
7.235357154
11.42226152
5.321533102
7.919556864
3.54525058
17.93665334
18.24659375
15.9412448
12.04715959
9.604120596
12.67468857
3.868440191
6.352944625
13.32186111
3.177776451
12.59253599
10.70681941
3.762110377
8.851121905
8.97143102
4.411268721
6.946447309
1.959126758
5.937588209
18.3256281
11.82106723
4.1101857
2.345057232
5.470087619
1.952535664
13.7091182
5.352128647
11.73771598
12.0636183
8.000652315
15.06434273
7.998581691
13.04146158
5.544200646
26.86639138
7.249201526
13.43089899
6.44318492
4.81649074
10.50371218
14.75016164
6.541182091
13.06137615
13.13765755
6.121862975
8.131927041
10.71203194
17.57166455
2.471507416
7.53233979
10.67599255
3.831471274
10.69575578
8.667267279
7.790769822
3.504856138
14.43283899
5.800623052
18.00083457
9.322680319
5.41756626
4.12261013
6.406889707
4.20466661
10.34228003
15.88907961
5.416193266
17.39941905
4.252092309
14.92720451
13.6500235
4.856636097
8.483149796
2.238601212
9.623537018
12.03170077
5.525352612
5.279205032
6.95244328
10.98694021
9.732682147
13.77614067
9.7180671
12.804452
9.463614592
4.438320486
0.9538849012
6.24220875
16.00543725
7.147049017
8.975554735
7.096707489
16.22053569
2.403568884
4.660092346
8.110570611
11.01921397
2.596438982
10.35944774
3.601209488
2.595252736
5.496277919
7.355033706
3.268182529
4.70108634
6.732506341
7.948416205
8.456932409
9.663787942
18.41196423
9.130221156
8.057790472
10.93681754
15.3261269
9.765021559
7.429756583
5.068303558
11.74418586
12.97890276
12.2696899
8.109796176
12.12841301
2.528896792
10.84122478
15.28182945
4.816814303
4.471088385
9.138483029
13.20077775
2.850790673
13.72875506
5.49257641
1.540845134
8.829459309
15.51272759
4.499757996
10.14137018
4.325591801
22.74124832
18.3093225
7.874103143
15.69609625
7.464137113
13.84640739
7.499862557
1.310182091
6.78021268
9.530666829
8.236304121
5.193641443
4.49408219
1.757032498
2.25363261
2.940377472
2.160371734
9.65242659
13.59375508
13.90771383
14.87517329
5.042188474
21.50910234
13.8762399
1.595525855
14.10550937
12.45596207
7.364508755
7.729274594
6.577177799
7.008523015
10.7523852
3.956852227
6.304151662
10.58434598
7.785875212
7.144300097
8.580285408
7.253377279
16.61458963
15.00298874
8.06216935
3.952880809
5.606867657
2.041798136
14.9198243
5.983721459
9.265579726
7.830916928
10.03095145
9.797142502
4.231329156
10.05560157
12.41922232
10.33447862
10.66038175
9.70979184
15.70538336
4.970956186
9.91239827
5.245503797
12.81962187
8.004780989
5.454541405
5.851663884
8.979287376
3.920986156
13.8545514
11.80416259
7.424984675
18.62540306
5.126252138
7.730292554
7.329392771
8.946336202
2.131728426
6.700793114
17.6461571
5.260417599
5.494013196
2.565077707
13.40452646
11.91969183
2.788735869
18.54118465
7.503471649
3.367861526
5.277952635
4.048433505
4.842062196
2.031975381
3.441322182
11.65249649
6.066671841
9.543464695
6.293408049
8.981096359
6.630476729
14.43818471
14.13795836
10.76324389
14.8516687
11.51474329
3.220442747
20.23418312
7.054002624
3.240147252
8.03453692
5.44889288
15.38124271
7.665665163
12.56847024
6.613631279
13.49115256
6.946728823
4.471304301
2.865656339
3.125020555
5.229172128
14.92821714
12.74988526
4.930703503
9.822988297
9.160433697
1.72706183
8.284308664
3.04142656
21.0590166
11.15973624
1.640816366
7.311802822
9.85782211
2.403306769
9.241990797
12.08426789
4.460301116
8.929077016
9.427087837
7.699283267
7.143856127
21.80767141
9.011167617
2.153735424
4.108685982
9.977736497
7.311868
19.01803033
7.092147906
10.17467665
7.792675924
10.16988582
16.67502488
10.44004142
6.250240161
7.159106526
7.190092036
11.03206563
13.2357487
6.549908254
7.482867286
17.1099904
8.252391675
6.989199976
8.018901855
4.635152216
12.92007322
11.94531251
11.57218608
15.53534662
6.785412071
11.49985223
10.20714571
22.3766267
9.380789882
8.702341597
17.01602511
16.85605106
2.197270743
4.222059922
6.380492897
2.847732381
2.023988359
15.99824622
18.46808757
10.19919362
10.28278447
12.57329674
4.561005503
5.89425803
4.509710891
16.73358481
5.01038529
12.65871888
8.163924335
7.565571085
4.995117125
15.60862794
1.242134569
7.719179933
8.25527711
13.96410007
12.15652197
0.8056869991
10.81484332
3.593035908
15.97384042
2.239464036
5.354455681
4.369605402
2.433899287
7.504656562
11.39303634
9.979235489
2.297478311
9.673376779
13.29952727
1.988024234
4.909819795
3.700665763
4.551861697
6.032864738
5.218838451
10.4704281
11.08039284
5.000729741
10.36690062
15.45924011
7.561442808
10.04396551
1.440724827
10.71681852
14.1173979
3.478461557
2.81269444
10.69410148
2.001155371
5.603775216
14.40069467
5.14366814
5.522361448
6.232051185
6.952140596
1.99154899
10.28921289
2.926024178
18.94350398
8.867496571
4.87707945
5.836203717
9.914226597
1.793685667
2.118618526
16.56239388
9.014887903
8.430534284
8.624851874
11.45683717
17.09928683
1.407931994
5.105545536
8.51080282
10.61764065
4.444632638
11.4495438
9.918725561
8.556860715
11.53238306
14.54202654
17.75270336
3.195702428
15.21217011
8.702676429
6.643961006
4.51197986
5.340494636
12.77496832
13.60036013
9.495067055
0.2693773938
8.921443125
11.88910919
2.969446181
9.093309642
6.566398909
12.17893213
9.396376403
1.799616985
7.862897291
8.82233327
12.91556626
9.575945972
7.001801085
13.90103047
8.773269346
4.678126479
12.0777625
5.573876306
7.330260771
9.640326148
3.767083898
8.075374359
15.08194917
10.89449155
8.068176076
12.54011867
3.776250817
11.76267831
7.872450455
8.934400231
10.33697372
4.466643221
12.24423541
9.794172407
9.196279795
4.954484474
10.96636688
3.95439435
12.81452598
15.41905663
7.375983725
7.543322697
5.995685141
7.232796162
8.253330317
6.084836944
3.398293877
6.967033271
12.69737867
8.309706344
2.413265713
4.091913666
13.95051575
13.12299105
3.883095467
4.835220285
10.69428693
2.958775329
15.33658181
5.003718391
10.40677708
6.584143522
6.557593645
7.348622431
9.209584507
2.471736101
4.878556531
11.53437689
1.888177792
12.55119076
7.726003244
10.34780235
5.995440508
0.7129853735
8.213282799
12.39536205
6.023778781
13.59478389
15.52810387
8.592654713
9.446541922
9.260028206
16.02891344
4.182062503
16.6575428
10.29130244
5.82569705
16.23667886
4.327184498
14.38384601
4.691898803
12.90518568
2.977292354
8.548147219
4.22851189
17.53415354
8.875220139
16.48737525
12.12733115
9.989477485
13.0373932
12.41065795
7.100112204
1.812770576
8.255939037
19.32973594
6.516816797
11.49275905
17.02334061
8.889973077
11.73963591
3.791410505
11.97409157
0.6663133602
11.77274279
19.00576109
7.213845235
5.714859286
8.719915839
16.27459623
7.845468001
14.19630482
3.06980976
0.1610223845
13.94511733
6.368182046
9.585686187
5.325566183
5.976821247
4.048330577
8.996710755
12.32148908
5.263686818
10.76357668
11.46198016
5.317454049
7.655520973
6.039525894
6.236922178
4.197815566
16.63687362
4.614806352
11.34693504
13.3820224
8.742769767
8.002544823
3.879611289
6.895491086
17.16765306
12.57702034
10.4391957
5.275380053
8.619938574
8.977629053
6.730964347
9.107623175
5.062061414
12.36460739
7.649305679
7.024621047
4.354612345
10.75029496
8.206255774
12.77314754
0.9962339459
4.071678301
10.66981406
3.370263595
7.989103918
8.341193083
7.129291289
7.83722824
3.256635305
4.049896935
7.870793356
16.11672681
10.29368618
5.581949425
8.458073914
6.140376262
11.03174864
19.38593906
4.042269956
9.729104713
2.785131983
8.27687015
9.112253683
14.06329372
